50     3.42403e-16
100    2.37654e-16
150    1.90613e-16
200    1.62276e-16
250    1.42782e-16
300    1.28308e-16
350    1.17014e-16
400    1.07886e-16
450    1.00318e-16
500    9.39167e-17
550    8.88604e-17
600    1.02703e-16
650    1.5529e-15
700    2.35101e-14
750    2.5177e-13
800    2.02055e-12
850    1.27446e-11
900    6.56558e-11
950    2.84979e-10
1000   1.06882e-09
1050   3.53599e-09
1100   1.04957e-08
1150   2.83487e-08
1200   7.05012e-08
1250   1.6305e-07
1300   3.53639e-07
1350   7.24502e-07
1400   1.41071e-06
1450   2.62462e-06
1500   4.68739e-06
1550   8.06818e-06
1600   1.34316e-05
1650   2.16936e-05
1700   3.40851e-05
1750   5.22245e-05
1800   7.81965e-05
1850   0.000114638
1900   0.000164827
1950   0.000232783
2000   0.000323355
2050   0.000442327
2100   0.000596511
2150   0.000793841
2200   0.00104346
2250   0.00135579
2300   0.00174263
2350   0.00221718
2400   0.00279411
2450   0.00348956
2500   0.00432119
2550   0.00530814
2600   0.00647104
2650   0.00783192
2700   0.00941423
2750   0.0112427
2800   0.0133432
2850   0.015743
2900   0.01847
2950   0.0215535
3000   0.0250234
3050   0.0289105
3100   0.0332463
3150   0.0380628
3200   0.0433928
3250   0.0492695
3300   0.0557266
3350   0.0627982
3400   0.0705185
3450   0.0789221
3500   0.0880433
3550   0.0979162
3600   0.108574
3650   0.120051
3700   0.132377
3750   0.145583
3800   0.159698
3850   0.174747
3900   0.190754
3950   0.207739
4000   0.225719
4050   0.244708
4100   0.264715
4150   0.285745
4200   0.307798
4250   0.330871
4300   0.354954
4350   0.380035
4400   0.406093
4450   0.433107
4500   0.461047
4550   0.489881
4600   0.519572
4650   0.55008
4700   0.581358
4750   0.613361
4800   0.646037
4850   0.679333
4900   0.713197
4950   0.747574
5000   0.782411
5050   0.817657
5100   0.853261
5150   0.889181
5200   0.925376
5250   0.961814
5300   0.99847
5350   1.03533
5400   1.07239
5450   1.10965
5500   1.14714
5550   1.1849
5600   1.22296
5650   1.2614
5700   1.3003
5750   1.33973
5800   1.37983
5850   1.42069
5900   1.46247
5950   1.5053
6000   1.54934
6050   1.59477
6100   1.64176
6150   1.69049
6200   1.74117
6250   1.79401
6300   1.84922
6350   1.90703
6400   1.96769
6450   2.03143
6500   2.09855
6550   2.1693
6600   2.24401
6650   2.32298
6700   2.40655
6750   2.4951
6800   2.58899
6850   2.68865
6900   2.7945
6950   2.907
7000   3.02664
7050   3.15393
7100   3.28941
7150   3.43363
7200   3.58719
7250   3.75069
7300   3.92479
7350   4.11013
7400   4.3074
7450   4.51731
7500   4.74059
7550   4.97798
7600   5.23026
7650   5.49821
7700   5.78265
7750   6.08442
7800   6.40435
7850   6.74333
7900   7.10225
7950   7.48202
8000   7.88357
8050   8.30787
8100   8.75588
8150   9.22861
8200   9.72708
8250   10.2523
8300   10.8054
8350   11.3874
8400   11.9995
8450   12.6427
8500   13.3182
8550   14.0272
8600   14.7709
8650   15.5506
8700   16.3674
8750   17.2226
8800   18.1175
8850   19.0535
8900   20.0318
8950   21.0538
9000   22.1209
9050   23.2345
9100   24.396
9150   25.6069
9200   26.8686
9250   28.1826
9300   29.5504
9350   30.9736
9400   32.4536
9450   33.9921
9500   35.5906
9550   37.2507
9600   38.9741
9650   40.7624
9700   42.6173
9750   44.5404
9800   46.5334
9850   48.5981
9900   50.7361
9950   52.9492
10000  55.2392
10050  57.6078
10100  60.0568
10150  62.5881
10200  65.2034
10250  67.9046
10300  70.6934
10350  73.5718
10400  76.5417
10450  79.6048
10500  82.7631
10550  86.0184
10600  89.3727
10650  92.828
10700  96.386
10750  100.049
10800  103.818
10850  107.696
10900  111.685
10950  115.786
11000  120.001
11050  124.333
11100  128.784
11150  133.354
11200  138.047
11250  142.865
11300  147.809
11350  152.881
11400  158.083
11450  163.417
11500  168.886
11550  174.491
11600  180.234
11650  186.117
11700  192.142
11750  198.312
11800  204.627
11850  211.091
11900  217.704
11950  224.47
12000  231.389
12050  238.464
12100  245.697
12150  253.089
12200  260.644
12250  268.361
12300  276.245
12350  284.295
12400  292.515
12450  300.906
12500  309.469
12550  318.208
12600  327.123
12650  336.217
12700  345.492
12750  354.948
12800  364.588
12850  374.415
12900  384.428
12950  394.631
13000  405.025
13050  415.612
13100  426.394
13150  437.372
13200  448.547
13250  459.923
13300  471.499
13350  483.279
13400  495.263
13450  507.453
13500  519.851
13550  532.459
13600  545.277
13650  558.308
13700  571.553
13750  585.014
13800  598.691
13850  612.588
13900  626.704
13950  641.042
14000  655.602
14050  670.387
14100  685.398
14150  700.636
14200  716.102
14250  731.798
14300  747.726
14350  763.885
14400  780.279
14450  796.907
14500  813.771
14550  830.873
14600  848.214
14650  865.794
14700  883.616
14750  901.68
14800  919.986
14850  938.538
14900  957.335
14950  976.378
15000  995.669
15050  1015.21
15100  1035
15150  1055.04
15200  1075.33
15250  1095.87
15300  1116.67
15350  1137.72
15400  1159.03
15450  1180.59
15500  1202.42
15550  1224.49
15600  1246.83
15650  1269.43
15700  1292.29
15750  1315.4
15800  1338.79
15850  1362.43
15900  1386.33
15950  1410.5
16000  1434.94
16050  1459.64
16100  1484.61
16150  1509.84
16200  1535.34
16250  1561.11
16300  1587.14
16350  1613.45
16400  1640.02
16450  1666.87
16500  1693.98
16550  1721.37
16600  1749.02
16650  1776.95
16700  1805.15
16750  1833.62
16800  1862.37
16850  1891.39
16900  1920.68
16950  1950.25
17000  1980.09
17050  2010.21
17100  2040.6
17150  2071.27
17200  2102.21
17250  2133.43
17300  2164.93
17350  2196.7
17400  2228.75
17450  2261.07
17500  2293.67
17550  2326.55
17600  2359.71
17650  2393.14
17700  2426.85
17750  2460.84
17800  2495.11
17850  2529.65
17900  2564.48
17950  2599.58
18000  2634.95
18050  2670.61
18100  2706.54
18150  2742.76
18200  2779.25
18250  2816.02
18300  2853.06
18350  2890.39
18400  2927.99
18450  2965.87
18500  3004.03
18550  3042.46
18600  3081.18
18650  3120.17
18700  3159.44
18750  3198.98
18800  3238.81
18850  3278.91
18900  3319.28
18950  3359.94
19000  3400.87
19050  3442.07
19100  3483.56
19150  3525.31
19200  3567.35
19250  3609.66
19300  3652.24
19350  3695.1
19400  3738.24
19450  3781.65
19500  3825.33
19550  3869.29
19600  3913.52
19650  3958.03
19700  4002.81
19750  4047.86
19800  4093.18
19850  4138.78
19900  4184.64
19950  4230.78
20000  4277.19
20050  4323.88
20100  4370.83
20150  4418.05
20200  4465.54
20250  4513.3
20300  4561.34
20350  4609.63
20400  4658.2
20450  4707.04
20500  4756.14
20550  4805.51
20600  4855.15
20650  4905.05
20700  4955.22
20750  5005.65
20800  5056.35
20850  5107.32
20900  5158.55
20950  5210.04
21000  5261.79
21050  5313.81
21100  5366.09
21150  5418.63
21200  5471.44
21250  5524.5
21300  5577.83
21350  5631.41
21400  5685.25
21450  5739.36
21500  5793.72
21550  5848.34
21600  5903.22
21650  5958.35
21700  6013.74
21750  6069.39
21800  6125.29
21850  6181.45
21900  6237.86
21950  6294.52
22000  6351.44
22050  6408.61
22100  6466.04
22150  6523.71
22200  6581.64
22250  6639.82
22300  6698.24
22350  6756.92
22400  6815.85
22450  6875.02
22500  6934.44
22550  6994.11
22600  7054.03
22650  7114.2
22700  7174.6
22750  7235.26
22800  7296.16
22850  7357.3
22900  7418.69
22950  7480.32
23000  7542.19
23050  7604.3
23100  7666.66
23150  7729.26
23200  7792.09
23250  7855.17
23300  7918.48
23350  7982.03
23400  8045.83
23450  8109.85
23500  8174.12
23550  8238.62
23600  8303.36
23650  8368.33
23700  8433.53
23750  8498.97
23800  8564.64
23850  8630.55
23900  8696.69
23950  8763.05
24000  8829.65
24050  8896.48
24100  8963.54
24150  9030.83
24200  9098.35
24250  9166.09
24300  9234.06
24350  9302.26
24400  9370.68
24450  9439.33
24500  9508.21
24550  9577.31
24600  9646.63
24650  9716.18
24700  9785.95
24750  9855.94
24800  9926.15
24850  9996.58
24900  10067.2
24950  10138.1
25000  10209.2
25050  10280.5
25100  10352
25150  10423.8
25200  10495.7
25250  10567.9
25300  10640.3
25350  10712.9
25400  10785.7
25450  10858.8
25500  10932
25550  11005.5
25600  11079.2
25650  11153.1
25700  11227.2
25750  11301.5
25800  11376
25850  11450.7
25900  11525.6
25950  11600.8
26000  11676.1
26050  11751.7
26100  11827.4
26150  11903.4
26200  11979.6
26250  12056
26300  12132.5
26350  12209.3
26400  12286.3
26450  12363.5
26500  12440.9
26550  12518.5
26600  12596.3
26650  12674.2
26700  12752.4
26750  12830.8
26800  12909.4
26850  12988.2
26900  13067.2
26950  13146.4
27000  13225.7
27050  13305.3
27100  13385.1
27150  13465
27200  13545.2
27250  13625.5
27300  13706
27350  13786.8
27400  13867.7
27450  13948.8
27500  14030.1
27550  14111.6
27600  14193.3
27650  14275.1
27700  14357.2
27750  14439.4
27800  14521.8
27850  14604.5
27900  14687.3
27950  14770.2
28000  14853.4
28050  14936.8
28100  15020.3
28150  15104
28200  15187.9
28250  15272
28300  15356.3
28350  15440.7
28400  15525.3
28450  15610.1
28500  15695.1
28550  15780.3
28600  15865.6
28650  15951.2
28700  16036.9
28750  16122.7
28800  16208.8
28850  16295
28900  16381.4
28950  16468
29000  16554.7
29050  16641.6
29100  16728.7
29150  16816
29200  16903.4
29250  16991
29300  17078.8
29350  17166.8
29400  17254.9
29450  17343.2
29500  17431.6
29550  17520.3
29600  17609.1
29650  17698
29700  17787.1
29750  17876.4
29800  17965.9
29850  18055.5
29900  18145.3
29950  18235.3
30000  18325.4
30050  18415.6
30100  18506.1
30150  18596.7
30200  18687.5
30250  18778.4
30300  18869.5
30350  18960.7
30400  19052.1
30450  19143.7
30500  19235.4
30550  19327.3
30600  19419.3
30650  19511.5
30700  19603.9
30750  19696.4
30800  19789
30850  19881.9
30900  19974.8
30950  20068
31000  20161.3
31050  20254.7
31100  20348.3
31150  20442
31200  20535.9
31250  20630
31300  20724.2
31350  20818.5
31400  20913
31450  21007.6
31500  21102.4
31550  21197.4
31600  21292.5
31650  21387.7
31700  21483.1
31750  21578.6
31800  21674.3
31850  21770.1
31900  21866.1
31950  21962.2
32000  22058.5
32050  22154.9
32100  22251.4
32150  22348.1
32200  22444.9
32250  22541.9
32300  22639
32350  22736.3
32400  22833.7
32450  22931.2
32500  23028.9
32550  23126.7
32600  23224.7
32650  23322.8
32700  23421
32750  23519.4
32800  23617.9
32850  23716.5
32900  23815.3
32950  23914.2
33000  24013.3
33050  24112.5
33100  24211.8
33150  24311.3
33200  24410.9
33250  24510.6
33300  24610.5
33350  24710.4
33400  24810.6
33450  24910.8
33500  25011.2
33550  25111.7
33600  25212.4
33650  25313.2
33700  25414.1
33750  25515.1
33800  25616.3
33850  25717.6
33900  25819
33950  25920.5
34000  26022.2
34050  26124
34100  26226
34150  26328
34200  26430.2
34250  26532.5
34300  26635
34350  26737.5
34400  26840.2
34450  26943
34500  27045.9
34550  27149
34600  27252.2
34650  27355.5
34700  27458.9
34750  27562.4
34800  27666.1
34850  27769.9
34900  27873.8
34950  27977.8
35000  28081.9
35000  28081.9
