50     3.44124e-15
100    2.38848e-15
150    1.91571e-15
200    1.63091e-15
250    1.435e-15
300    1.28953e-15
350    1.17602e-15
400    1.08429e-15
450    1.00822e-15
500    9.43886e-16
550    8.88604e-16
600    1.02703e-15
650    1.5529e-14
700    2.35101e-13
750    2.5177e-12
800    2.02055e-11
850    1.27446e-10
900    6.56558e-10
950    2.84979e-09
1000   1.06882e-08
1050   3.53599e-08
1100   1.04957e-07
1150   2.83486e-07
1200   7.05011e-07
1250   1.63049e-06
1300   3.53635e-06
1350   7.24487e-06
1400   1.41065e-05
1450   2.62443e-05
1500   4.68677e-05
1550   8.06634e-05
1600   0.000134265
1650   0.000216803
1700   0.000340526
1750   0.000521484
1800   0.000780268
1850   0.00114276
1900   0.00164085
1950   0.00231319
2000   0.00320566
2050   0.00437187
2100   0.00587327
2150   0.00777902
2200   0.0101655
2250   0.0131154
2300   0.0167166
2350   0.0210606
2400   0.0262412
2450   0.032353
2500   0.0394908
2550   0.04775
2600   0.0572275
2650   0.0680243
2700   0.0802478
2750   0.0940139
2800   0.109448
2850   0.126682
2900   0.145853
2950   0.167092
3000   0.190518
3050   0.216232
3100   0.244301
3150   0.27476
3200   0.307597
3250   0.342758
3300   0.380138
3350   0.419583
3400   0.460897
3450   0.503838
3500   0.548133
3550   0.593479
3600   0.639555
3650   0.686027
3700   0.732561
3750   0.778824
3800   0.824493
3850   0.869258
3900   0.912826
3950   0.954929
4000   0.995325
4050   1.03381
4100   1.07023
4150   1.10449
4200   1.13658
4250   1.16657
4300   1.19463
4350   1.22105
4400   1.24622
4450   1.27063
4500   1.29484
4550   1.3195
4600   1.34526
4650   1.37279
4700   1.40274
4750   1.4357
4800   1.47223
4850   1.5128
4900   1.55783
4950   1.60767
5000   1.66261
5050   1.72291
5100   1.78879
5150   1.86046
5200   1.93809
5250   2.0219
5300   2.11208
5350   2.20885
5400   2.31249
5450   2.4233
5500   2.54162
5550   2.6679
5600   2.80264
5650   2.94643
5700   3.10001
5750   3.26419
5800   3.43997
5850   3.62845
5900   3.83094
5950   4.04888
6000   4.2839
6050   4.53779
6100   4.81253
6150   5.11024
6200   5.43322
6250   5.78389
6300   6.16483
6350   6.57875
6400   7.02848
6450   7.51695
6500   8.04724
6550   8.62254
6600   9.24614
6650   9.92146
6700   10.6521
6750   11.4416
6800   12.2939
6850   13.213
6900   14.2028
6950   15.2677
7000   16.412
7050   17.6402
7100   18.9571
7150   20.3675
7200   21.8763
7250   23.4888
7300   25.2103
7350   27.0461
7400   29.002
7450   31.0837
7500   33.2972
7550   35.6484
7600   38.1436
7650   40.7891
7700   43.5914
7750   46.5572
7800   49.6932
7850   53.0062
7900   56.5032
7950   60.1912
8000   64.0775
8050   68.1694
8100   72.4741
8150   76.9991
8200   81.7519
8250   86.7401
8300   91.9712
8350   97.453
8400   103.193
8450   109.199
8500   115.479
8550   122.04
8600   128.891
8650   136.038
8700   143.489
8750   151.253
8800   159.337
8850   167.747
8900   176.492
8950   185.579
9000   195.015
9050   204.807
9100   214.963
9150   225.489
9200   236.391
9250   247.677
9300   259.353
9350   271.425
9400   283.899
9450   296.782
9500   310.078
9550   323.793
9600   337.933
9650   352.503
9700   367.507
9750   382.95
9800   398.836
9850   415.171
9900   431.956
9950   449.197
10000  466.896
10050  485.057
10100  503.682
10150  522.774
10200  542.335
10250  562.367
10300  582.873
10350  603.853
10400  625.31
10450  647.243
10500  669.653
10550  692.542
10600  715.909
10650  739.755
10700  764.078
10750  788.878
10800  814.155
10850  839.908
10900  866.135
10950  892.834
11000  920.005
11050  947.645
11100  975.752
11150  1004.32
11200  1033.36
11250  1062.85
11300  1092.8
11350  1123.2
11400  1154.05
11450  1185.35
11500  1217.1
11550  1249.28
11600  1281.9
11650  1314.94
11700  1348.42
11750  1382.32
11800  1416.64
11850  1451.37
11900  1486.51
11950  1522.06
12000  1558.01
12050  1594.35
12100  1631.09
12150  1668.21
12200  1705.71
12250  1743.59
12300  1781.84
12350  1820.45
12400  1859.43
12450  1898.76
12500  1938.44
12550  1978.47
12600  2018.84
12650  2059.54
12700  2100.57
12750  2141.93
12800  2183.61
12850  2225.61
12900  2267.91
12950  2310.52
13000  2353.42
13050  2396.63
13100  2440.12
13150  2483.9
13200  2527.95
13250  2572.29
13300  2616.89
13350  2661.76
13400  2706.89
13450  2752.27
13500  2797.91
13550  2843.8
13600  2889.92
13650  2936.29
13700  2982.89
13750  3029.72
13800  3076.78
13850  3124.06
13900  3171.56
13950  3219.27
14000  3267.19
14050  3315.31
14100  3363.64
14150  3412.16
14200  3460.88
14250  3509.8
14300  3558.89
14350  3608.18
14400  3657.64
14450  3707.28
14500  3757.09
14550  3807.08
14600  3857.23
14650  3907.55
14700  3958.03
14750  4008.66
14800  4059.45
14850  4110.4
14900  4161.49
14950  4212.73
15000  4264.12
15050  4315.65
15100  4367.31
15150  4419.12
15200  4471.05
15250  4523.12
15300  4575.32
15350  4627.65
15400  4680.1
15450  4732.67
15500  4785.37
15550  4838.18
15600  4891.11
15650  4944.15
15700  4997.31
15750  5050.57
15800  5103.95
15850  5157.43
15900  5211.02
15950  5264.71
16000  5318.5
16050  5372.39
16100  5426.38
16150  5480.47
16200  5534.65
16250  5588.92
16300  5643.29
16350  5697.75
16400  5752.29
16450  5806.93
16500  5861.65
16550  5916.45
16600  5971.34
16650  6026.31
16700  6081.36
16750  6136.5
16800  6191.71
16850  6247
16900  6302.36
16950  6357.8
17000  6413.31
17050  6468.9
17100  6524.56
17150  6580.29
17200  6636.09
17250  6691.96
17300  6747.89
17350  6803.89
17400  6859.96
17450  6916.09
17500  6972.29
17550  7028.55
17600  7084.88
17650  7141.26
17700  7197.7
17750  7254.21
17800  7310.77
17850  7367.39
17900  7424.07
17950  7480.8
18000  7537.59
18050  7594.44
18100  7651.34
18150  7708.29
18200  7765.3
18250  7822.35
18300  7879.46
18350  7936.62
18400  7993.83
18450  8051.09
18500  8108.4
18550  8165.75
18600  8223.15
18650  8280.6
18700  8338.09
18750  8395.63
18800  8453.22
18850  8510.84
18900  8568.52
18950  8626.23
19000  8683.99
19050  8741.78
19100  8799.62
19150  8857.5
19200  8915.42
19250  8973.38
19300  9031.38
19350  9089.41
19400  9147.49
19450  9205.6
19500  9263.75
19550  9321.93
19600  9380.15
19650  9438.4
19700  9496.69
19750  9555.01
19800  9613.37
19850  9671.75
19900  9730.17
19950  9788.63
20000  9847.11
20050  9905.62
20100  9964.17
20150  10022.7
20200  10081.3
20250  10140
20300  10198.6
20350  10257.3
20400  10316
20450  10374.8
20500  10433.6
20550  10492.4
20600  10551.2
20650  10610
20700  10668.9
20750  10727.8
20800  10786.7
20850  10845.6
20900  10904.6
20950  10963.6
21000  11022.6
21050  11081.6
21100  11140.7
21150  11199.8
21200  11258.8
21250  11318
21300  11377.1
21350  11436.2
21400  11495.4
21450  11554.6
21500  11613.8
21550  11673
21600  11732.2
21650  11791.5
21700  11850.8
21750  11910
21800  11969.3
21850  12028.7
21900  12088
21950  12147.3
22000  12206.7
22050  12266
22100  12325.4
22150  12384.8
22200  12444.2
22250  12503.6
22300  12563
22350  12622.5
22400  12681.9
22450  12741.4
22500  12800.8
22550  12860.3
22600  12919.8
22650  12979.3
22700  13038.8
22750  13098.3
22800  13157.8
22850  13217.3
22900  13276.8
22950  13336.3
23000  13395.9
23050  13455.4
23100  13514.9
23150  13574.5
23200  13634
23250  13693.6
23300  13753.1
23350  13812.7
23400  13872.3
23450  13931.8
23500  13991.4
23550  14051
23600  14110.5
23650  14170.1
23700  14229.7
23750  14289.2
23800  14348.8
23850  14408.4
23900  14467.9
23950  14527.5
24000  14587.1
24050  14646.6
24100  14706.2
24150  14765.7
24200  14825.3
24250  14884.8
24300  14944.4
24350  15003.9
24400  15063.5
24450  15123
24500  15182.5
24550  15242.1
24600  15301.6
24650  15361.1
24700  15420.6
24750  15480.1
24800  15539.6
24850  15599.1
24900  15658.6
24950  15718.1
25000  15777.5
25050  15837
25100  15896.4
25150  15955.9
25200  16015.3
25250  16074.7
25300  16134.2
25350  16193.6
25400  16253
25450  16312.4
25500  16371.7
25550  16431.1
25600  16490.5
25650  16549.8
25700  16609.2
25750  16668.5
25800  16727.8
25850  16787.1
25900  16846.4
25950  16905.7
26000  16965
26050  17024.2
26100  17083.5
26150  17142.7
26200  17201.9
26250  17261.1
26300  17320.3
26350  17379.5
26400  17438.7
26450  17497.8
26500  17557
26550  17616.1
26600  17675.2
26650  17734.3
26700  17793.4
26750  17852.5
26800  17911.5
26850  17970.6
26900  18029.6
26950  18088.6
27000  18147.6
27050  18206.6
27100  18265.6
27150  18324.5
27200  18383.5
27250  18442.4
27300  18501.3
27350  18560.2
27400  18619
27450  18677.9
27500  18736.7
27550  18795.6
27600  18854.4
27650  18913.2
27700  18972
27750  19030.7
27800  19089.5
27850  19148.2
27900  19206.9
27950  19265.6
28000  19324.3
28050  19383
28100  19441.6
28150  19500.2
28200  19558.9
28250  19617.4
28300  19676
28350  19734.6
28400  19793.1
28450  19851.7
28500  19910.2
28550  19968.7
28600  20027.2
28650  20085.6
28700  20144.1
28750  20202.5
28800  20260.9
28850  20319.3
28900  20377.7
28950  20436.1
29000  20494.4
29050  20552.7
29100  20611.1
29150  20669.4
29200  20727.6
29250  20785.9
29300  20844.1
29350  20902.4
29400  20960.6
29450  21018.8
29500  21077
29550  21135.1
29600  21193.3
29650  21251.4
29700  21309.5
29750  21367.6
29800  21425.7
29850  21483.8
29900  21541.8
29950  21599.9
30000  21657.9
30050  21715.9
30100  21773.9
30150  21831.9
30200  21889.8
30250  21947.8
30300  22005.7
30350  22063.6
30400  22121.5
30450  22179.4
30500  22237.3
30550  22295.1
30600  22353
30650  22410.8
30700  22468.6
30750  22526.4
30800  22584.2
30850  22641.9
30900  22699.7
30950  22757.4
31000  22815.1
31050  22872.8
31100  22930.5
31150  22988.2
31200  23045.9
31250  23103.5
31300  23161.2
31350  23218.8
31400  23276.4
31450  23334
31500  23391.6
31550  23449.2
31600  23506.7
31650  23564.3
31700  23621.8
31750  23679.4
31800  23736.9
31850  23794.4
31900  23851.9
31950  23909.3
32000  23966.8
32050  24024.3
32100  24081.7
32150  24139.1
32200  24196.5
32250  24253.9
32300  24311.3
32350  24368.7
32400  24426.1
32450  24483.5
32500  24540.8
32550  24598.1
32600  24655.5
32650  24712.8
32700  24770.1
32750  24827.4
32800  24884.7
32850  24942
32900  24999.2
32950  25056.5
33000  25113.7
33050  25171
33100  25228.2
33150  25285.4
33200  25342.6
33250  25399.8
33300  25457
33350  25514.2
33400  25571.4
33450  25628.6
33500  25685.7
33550  25742.9
33600  25800
33650  25857.1
33700  25914.3
33750  25971.4
33800  26028.5
33850  26085.6
33900  26142.7
33950  26199.7
34000  26256.8
34050  26313.9
34100  26370.9
34150  26428
34200  26485
34250  26542.1
34300  26599.1
34350  26656.1
34400  26713.1
34450  26770.2
34500  26827.2
34550  26884.1
34600  26941.1
34650  26998.1
34700  27055.1
34750  27112.1
34800  27169
34850  27226
34900  27282.9
34950  27339.9
35000  27396.8
35000  27396.8
